0200000000000000
0200060000000000
0200000000000000
0200130000000000
0200000000000000
0200060000000000
0200000000000000
0200170000000000
0200000000000000
0200090000000000
0200000000000000
0200300000000000
0200000000000000
0200320000000000
0200000000000000
0000000000000000
0000500000000000
0000000000000000
0000090000000000
0000000000000000
0000590000000000
0000000000000000
00005c0000000000
0000000000000000
00005e0000000000
0000000000000000
2000000000000000
2000870000000000
0000870000000000
0000000000000000
00001a0000000000
0000000000000000
00005c0000000000
00005c5d00000000
00005d0000000000
0000000000000000
2000000000000000
2000870000000000
0000870000000000
0000000000000000
0000060000000000
0000000000000000
00005c0000000000
0000000000000000
0000610000000000
0000000000000000
00005f0000000000
0000000000000000
0000180000000000
0000000000000000
0000150000000000
0000000000000000
0000200000000000
0000000000000000
0000070000000000
0000000000000000
